1240
1259
1268
1264
1336
1565
1570
1569
1586
1580
1591
1593
1599
1595
1777
1742
1784
1781
1788
1785
1796
1799
1813
1815
2035
2061
2063
2064
2065
2066
2067
2070
2073
2230
2235
2640
2643
2641
2719
2724
2729
2726
2732
2734
2740
2736
2743
2745
2752
2754
2755
2756
2924
2916
2926
2937
2941
2947
2949
2948
3064
3066
3067
3071
3073
3078
3081
3083
3085
3086
3088
3093
3095
3105
3114
3115
3118
3122
3128
3131
3141
3147
3152
3162
3163
3169
3171
3176
3178
3191
3202
3205
3206
3207
3211
3213
3217
3218
3219
3221
3224
3226
3227
3228
3230
3232
3234
3236
3252
3259
3260
3264
3265
3268
3272
3276
3285
3287
3288
3289
3290
3293
3294
3297
3303
3306
3317
3310
3322
3323
3324
3325
3332
3339
3349
3354
3357
3360
3362
3363
3372
3373
3374
3379
3388
3390
3402
3426
3430
3434
3438
3441
3455
3444
3465
3466
3479
3483
3484
3490
3491
3492
3498
3499
3508
3511
3516
3520
3521
3522
3523
3526
3527
3529
3531
3537
3540
3541
3546
3548
3551
3552
3555
3556
3558
3564
3567
3570
3577
3580
3581
3587
3594
3597
3609
3611
3615
3623
3624
3625
3628
3629
3630
3631
3632
3646
3663
3664
3666
3672
3675
3680
3684
3685
3687
3689
3691
3693
3707
3709
3710
3713
4102
4105
4107
4109
4111
4114
4116
4120
4121
4123
4126
4127
4128
4129
4130
4131
4138
4139
4147
4153
4157
4160
4161
4162
4163
4167
4168
4171
4173
4174
4175
4183
4188
4192
4198
4205
4207
4303
4304
4305
4401
4402
4406
4413
4417
4419
4420
4432
4433
4442
4502
4503
4506
4510
4513
4523
4527
4528
4530
4533
4534
4535
4538
4542
4543
4549
4550
4554
4558
4561
4563
4568
4577
4580
4584
4609
4702
4706
4707
4711
4712
4714
4716
4721
4726
4728
4729
4735
4741
4743
4744
4745
4747
4754
4760
4767
4768
4804
4806
4903
4905
4908
4909
4911
4923
4924
4931
4933
4939
4945
4946
4951
4953
4966
4971
4972
4973
4974
4979
4987
4991
4995
5009
5011
5013
5014
5015
5016
5201
5202
5205
5210
5211
5212
5220
5223
5227
5228
5230
5236
5245
5251
5263
5272
5274
5278
5287
5289
5291
5299
5301
5302
5309
5310
5312
5314
5315
5321
5328
5340
5344
5347
5348
5351
5353
5355
5356
5364
5371
5381
5383
5386
5392
5403
5410
5425
5426
5432
5438
5439
5443
5452
5457
5460
5464
5465
5468
5474
5475
5478
5483
5487
5488
5489
5490
5493
5498
5601
5603
5609
5701
5703
5704
5864
5878
5902
5903
5904
5905
6015
6016
6020
6021
6023
6026
6101
6103
6104
6109
6111
6113
6114
6118
6121
6122
6123
6124
6125
5536
6126
6127
6129
6130
6134
6138
6140
6143
6144
6146
6147
6148
6150
6151
6154
6156
6158
6160
6161
6163
6167
6169
6170
6173
6174
6175
6180
6182
6185
6187
6188
6190
6194
6195
6198
6203
6204
6207
6208
6210
6217
6218
6220
6221
6222
6223
6227
6228
6229
6231
6233
6234
6237
6241
6242
6244
6245
6246
6248
6259
6263
6261
6265
6266
6270
6274
6276
6275
6284
6279
6287
6290
6291
6292
6294
6404
6411
6417
6418
6419
6425
6432
6435
6441
6457
6461
6462
6465
6469
6470
6485
6482
6488
6486
6494
6492
6496
6499
6506
6508
6509
6512
6514
6510
6516
6523
6517
6527
6530
6532
6535
6538
6542
6546
6547
6548
6556
6560
6561
6568
6569
6570
6574
6576
6577
6578
6584
6588
6589
6590
6593
6596
6603
6609
6612
6613
6615
6616
6624
6629
6640
6642
6643
6649
6651
6654
6661
6662
6664
6667
6679
6680
6683
6684
6690
6692
6693
6697
6703
6708
6712
6716
6727
6728
6732
6733
6735
6741
6747
6751
6752
6761
6762
6763
6767
6785
6788
6791
6803
6804
6811
6821
6823
6829
6840
6841
6843
6844
6846
6855
6856
6859
6865
6870
6874
6875
6877
6894
6895
6899
6922
6929
6953
8024
8027
8032
8034
8038
8040
8042
8043
8044
8047
8048
8049
8050
8054
8059
8064
8066
8067
8068
8069
8071
8074
8076
8077
8083
8084
8085
8086
8087
8088
8089
8091
8092
8093
8096
8097
8099
8107
8109
8111
8121
8147
8155
8171
8176
8182
8183
8227
8234
8240
8255
8277
8279
8284
8289
8291
8299
8349
8358
8383
8390
8403
8409
8410
8415
8416
8420
8423
8431
8432
8433
8436
8440
8446
8450
8455
8472
8477
8908
8917
8923
8924
8927
8928
8930
8931
8933
8938
8941
